1.128717852865115390e-01
-8.786025693925161306e-01
7.544993703392244289e-01
1.593738509299226225e-01
8.569827941434136065e-01
2.765178145561646428e-01
1.616036736974112153e-01
9.298183462805496013e-01
9.919610863889181118e-01
8.816572059570817466e-01
1.029915855922872492e+00
7.787664443968778105e-03
-6.772094280921336917e-01
4.887214401641504224e-01
-1.136473494727852085e-01
6.463822480694982886e-01
4.656894174173724088e-01
7.497799912082196983e-01
-6.528419016385562657e-01
-5.690773717808212950e-01
-2.316783387517755699e-01
-5.682710834096589281e-01
1.281419119114488581e-01
-8.325204969743058570e-01
-9.135833241341178024e-01
-9.108193393938437410e-01
-5.506163770333145635e-01
-5.867420294389535940e-01
-6.133110326861803685e-01
6.808697294490109186e-01
5.097513798250753458e-01
1.059286849160296695e+00
2.015630330419675431e-01
-9.476261440544320180e-02
3.748339122997563777e-01
9.206562367530630731e-01
1.002103904842499560e-01
7.495659541190929920e-01
-4.777620609762642800e-01
6.824872628438259925e-01
-5.201614280874622409e-01
-1.569012063320691652e-01
-2.180318199405055779e-01
-6.130301148400336686e-01
3.688637356455082283e-01
9.357476583853261420e-01
7.394897841500485125e-01
4.497553344918246432e-01
9.203059789570976479e-01
-7.320623763853735255e-01
8.690436292141869856e-01
6.779930309229390550e-01
-9.198633193483463089e-02
-8.598227030310254260e-03
3.110366279470035966e-01
2.677211110196356381e-01
4.473783888281939736e-01
-9.942566653108382280e-01
-5.183727207620396626e-01
1.024491887518171218e+00
1.037869635027141246e+00
-5.483813149356309147e-01
-8.969824662549177319e-01
-2.627921009902838279e-01
8.821609539008017364e-01
5.522054299024112822e-01
8.973083096926144364e-01
-5.584730907391273202e-01
5.350337836173544304e-01
6.607217891341394811e-01
-6.650366892141015285e-01
1.244561016157822997e-01
-8.909614677892268020e-01
9.358778323925331932e-01
7.063108031405214149e-01
5.430135285478895346e-01
2.853690108859694985e-01
-9.478587568490355331e-01
2.328278737470777515e-01
1.147216372604262236e-01
2.116375172029498763e-01
-7.167712665344794232e-01
-9.249301804983840469e-01
5.488539993013468177e-01
-1.932463936694119866e-01
-8.458850707344780506e-01
-2.586093840234724439e-01
7.563953826429994365e-01
9.123295701671896296e-01
-4.993063452187520568e-01
-7.953794783163736781e-01
-3.766062530224409954e-01
8.695184130837589898e-01
3.552748692153827326e-02
1.057574759859945424e+00
2.248451836604452581e-01
-8.763423434980399662e-02
-8.751001842056287394e-01
-9.845812143738033040e-01
6.841048570786414373e-01
-7.645767596786336995e-01
6.308163394192106699e-02
9.130504691899727909e-01
3.061040103096516751e-01
8.013395958833371413e-01
-9.791399262462041619e-01
-5.515919499007120308e-01
-2.704720596425076451e-01
7.546908664749274465e-01
-8.092745005821146975e-01
4.448485282660463724e-02
-8.880827438926219841e-01
4.949296084625478542e-01
6.769527155860142198e-01
-9.128144064473699970e-01
-8.964110229672828112e-01
4.041026092463778085e-01
1.149506285224539681e-01
4.039584051596989411e-03
5.127154094053025801e-01
-4.341715981878415676e-01
1.862092281686733575e-01
2.041879073361485553e-02
-3.285379467951656807e-01
3.055276777715638659e-01
-2.559600306316625051e-01
-4.197806381651982832e-01
5.987961187830328491e-01
-7.943543381173281404e-01
1.053776934988746028e+00
1.783133761898201275e-01
1.554559378537052339e-01
-3.283140269369440034e-01
2.052158582299341560e-01
4.491976060380589719e-02
1.462033375015394376e-01
-9.356877161630134943e-01
-8.247470137362071796e-01
9.102449628628033196e-01
1.026582861134310853e+00
-5.973163230590543549e-01
-9.747447408740868013e-01
7.157163812116580370e-01
8.576152467847393268e-01
-5.514188389494996123e-01
-7.207485272458029613e-01
2.680612294083726255e-01
-7.093745091029202143e-01
-7.591938601527843389e-01
4.082553006714721988e-01
-9.853975605041420671e-01
-7.739555654322156641e-01
4.831726780360527940e-01
5.290849021148265052e-01
9.313304355784315369e-01
-7.190956476994863067e-01
-6.269654025651654194e-01
4.851354575894150645e-01
4.659932890642579650e-01
2.730176336564977824e-01
9.538825963608310587e-02
-2.394386548586622254e-01
9.797815045341899953e-01
6.645270457861637836e-02
6.153249177641928469e-01
-9.317982510089564130e-01
-6.948467575943162444e-01
-3.008789422377802225e-01
9.425318768935511127e-01
-6.724345646838507662e-01
1.627475589276841106e-01
8.861893381965644245e-01
5.126162222079884145e-01
4.574917787587402529e-01
7.819842776826237962e-01
-7.106431986742620666e-01
-1.916562874371976477e-01
7.534745872532452315e-01
-1.344748840049527772e-01
-6.708886636250435132e-01
4.450276657862643759e-02
3.300845806269521177e-01
-6.354322552496221022e-01
7.562689265095419167e-01
2.546356265896179139e-01
-8.420310856722243997e-01
-9.555837796313380039e-01
4.196287920483516842e-01
-6.365406748775583878e-01
2.939017104531822522e-01
7.735346267762466255e-01
-9.718890132743318588e-01
3.302352775865102785e-02
8.225236740306982597e-01
6.862268197774377132e-01
3.015216248422243339e-01
1.364432649846206713e-01
-5.928198080723134922e-01
3.132801851382502889e-01
1.038496552847404608e+00
